10
458
32 963 618 254 763 715 1040 751 397 448 645 368 322 51 697 405 813 695 539 934 866 929 253 543 974 737 714 828 10 758 18 43 1081 1107 768 733 712 57 373 469 505 378 837 187 901 895 592 1074 479 492 897 706 310 40 138 644 137 852 832 147 499 851 190 941 207 318 563 279 375 297 109 240 675 946 428 936 90 380 900 1041 232 686 636 542 86 134 76 223 986 908 371 845 8 1032 675 687 240 599 966 1086 256 1075 216 291 271 4 117 832 855 1017 122 1088 1063 118 990 39 252 426 262 598 695 1104 333 703 1026 368 750 626 327 1077 1072 583 401 648 875 32 652 352 865 868 258 347 845 681 466 724 720 718 40 343 206 95 807 1010 158 82 738 909 708 1066 875 30 1009 165 678 773 669 220 485 423 448 103 770 182 785 596 266 394 204 777 97 881 872 905 140 1031 987 878 829 1056 833 1064 1086 92 589 653 865 147 233 240 1041 681 343 61 223 488 657 490 243 221 627 340 462 389 605 602 780 953 370 969 898 563 922 233 655 871 246 881 379 480 481 780 521 184 201 105 673 859 1066 916 440 582 616 903 331 111 865 0 1064 124 969 211 48 140 444 703 372 690 944 751 530 314 891 412 970 1093 517 532 201 943 808 641 414 313 904 746 895 659 106 848 143 1076 419 191 576 863 895 948 914 88 1059 804 403 840 105 262 182 1093 154 383 925 962 1024 700 635 178 806 420 837 912 628 980 237 408 61 814 631 316 11 434 404 431 599 167 631 64 900 813 47 1054 85 332 265 469 392 261 647 87 41 844 360 29 714 597 437 135 771 1069 451 783 863 215 103 351 854 734 416 643 907 934 1058 992 626 683 821 1019 944 358 466 985 562 826 375 165 313 812 771 1084 770 582 116 523 798 690 234 541 784 10 544 580 944 491 932 931 535 643 839 368 361 665 714 923 381 1089 449 54 790 109 498 921 692 615 804 850 194 398 751 979 409 184 919 242 36 741 62 571 273 261 299 1105 927 1013 917 668 351 726 722 502 836 109 312 888 84 476 627 750 874 267 1089 172 922 897 886 958 527 308 418 160 
72
718 154 857 1091 432 885 332 47 496 834 243 1076 506 20 50 982 7 160 105 274 138 278 86 1035 524 404 923 832 823 1083 762 901 598 508 881 390 282 573 908 138 296 41 104 162 532 625 33 540 785 139 174 923 888 260 207 301 665 19 22 848 463 785 638 421 653 879 811 296 342 608 905 1109 
300
369 161 542 994 665 442 28 164 616 311 412 237 990 713 262 1009 96 470 832 241 468 142 254 236 313 1021 1049 282 816 408 291 74 569 193 429 594 635 928 119 612 129 531 209 8 134 471 377 701 941 99 942 298 712 556 1005 386 467 944 668 172 241 319 717 170 513 35 124 508 964 243 480 453 775 689 932 269 520 198 970 821 768 161 479 841 77 374 116 544 678 144 76 279 463 154 920 336 189 1044 845 513 177 685 326 312 264 147 581 144 817 911 966 474 432 334 675 509 68 791 414 746 935 961 385 759 4 194 1095 665 599 829 538 136 875 865 448 28 372 389 643 78 660 498 1024 452 833 588 321 261 740 735 1008 1035 586 753 683 1061 948 668 615 436 857 43 1043 621 908 380 9 169 129 653 719 789 511 632 601 704 580 922 966 209 1018 863 134 964 505 177 914 813 205 419 609 1063 462 541 1044 730 281 414 259 410 427 978 559 938 970 49 532 440 972 387 9 879 610 614 732 475 792 1006 178 997 314 147 309 136 689 714 226 330 17 486 741 444 824 189 271 44 710 163 955 1042 550 964 810 49 468 902 996 620 797 63 977 472 681 176 608 730 890 835 1061 267 681 691 71 865 240 342 909 310 506 753 241 416 1078 1051 937 435 202 822 1055 1000 245 921 361 926 457 329 546 707 524 496 334 565 547 405 320 147 748 589 458 614 
333
699 1030 670 0 216 465 202 1038 880 562 172 50 283 1099 979 613 1005 575 26 390 910 592 297 675 272 444 312 221 902 286 924 491 677 954 491 893 308 53 821 548 616 353 599 899 341 467 401 235 402 899 1096 672 851 282 237 483 727 1020 704 989 667 518 369 233 832 220 486 501 274 667 1049 250 1021 1008 38 251 835 911 958 127 59 303 159 910 586 867 282 673 777 986 551 804 864 281 1037 586 972 883 1087 606 440 385 856 350 283 255 1072 7 55 279 605 114 583 125 384 529 992 26 91 18 1012 2 822 126 754 108 72 616 992 519 111 321 904 328 671 547 583 1103 1026 638 272 520 112 855 5 967 273 998 993 835 376 894 197 88 380 952 196 452 928 548 971 399 869 125 727 900 672 199 893 587 197 525 468 780 269 473 636 1013 831 518 97 97 773 765 656 42 606 852 966 894 761 186 183 519 311 910 780 344 470 1033 931 667 447 288 808 716 122 333 1089 953 852 75 1050 985 200 1066 1027 807 168 242 1061 929 429 133 808 100 404 477 444 874 399 736 901 846 384 598 922 506 292 900 349 504 335 759 378 536 715 765 703 883 1008 13 61 797 147 869 897 1022 236 702 785 1106 327 1046 842 711 1005 13 578 186 274 927 50 1080 1046 428 976 10 82 1039 253 1090 1053 314 136 89 544 1034 0 780 1096 145 135 312 551 337 383 445 351 961 1102 625 137 41 1065 544 940 931 554 1023 859 168 362 801 953 499 250 386 893 250 526 878 866 662 550 307 999 293 112 710 144 575 695 
760
1087 650 185 917 470 100 189 689 268 551 380 581 410 630 968 192 241 854 430 1107 876 340 303 765 634 887 835 138 351 420 890 327 1070 1076 133 900 65 322 478 804 234 218 274 644 849 602 197 450 346 1098 446 582 328 110 236 322 997 432 460 708 852 710 1035 171 675 529 431 100 211 909 904 916 488 539 921 697 30 7 36 847 1105 482 319 793 1063 1026 475 309 347 935 1017 559 535 302 730 570 831 50 671 402 320 935 679 168 363 489 865 865 496 901 601 961 743 280 4 696 667 479 1005 1014 775 912 934 670 574 1024 129 765 435 160 56 755 1096 735 283 348 113 37 102 1080 938 64 291 1041 344 295 626 1011 774 992 275 909 153 98 468 727 482 598 381 917 118 908 1032 103 1004 204 452 6 241 1025 447 539 1089 738 470 794 1033 456 54 56 337 800 966 961 258 794 577 741 281 318 547 871 116 469 974 9 673 786 486 275 701 293 814 39 1031 644 193 313 1101 248 370 798 1048 696 649 196 379 586 937 21 265 373 892 381 202 755 861 876 902 707 40 492 1001 214 1002 921 219 85 124 209 333 965 367 741 550 376 937 289 323 123 310 588 968 91 329 59 207 79 935 1109 786 335 961 676 1021 852 487 129 297 1082 809 1101 936 65 732 846 913 1029 24 125 513 806 73 370 897 402 429 464 481 725 933 627 420 143 664 330 356 511 459 653 482 157 644 778 694 736 513 967 654 1008 452 56 703 525 897 961 927 216 785 768 301 608 755 721 751 308 1052 1107 819 871 10 661 1029 654 328 1083 279 201 939 293 99 280 821 802 805 607 12 1092 183 798 109 484 295 224 566 406 533 507 874 712 267 884 263 656 898 591 628 537 153 456 830 252 96 1011 414 261 979 898 242 51 585 822 1007 240 1047 462 646 940 969 880 1012 596 653 164 613 911 116 130 337 269 1058 528 992 514 428 766 776 296 553 1018 819 27 90 715 738 497 537 745 797 866 514 698 351 528 863 964 328 339 455 666 1079 873 83 960 276 982 1086 1052 168 529 320 347 1027 881 422 655 267 959 289 1064 714 163 11 425 691 234 279 1020 573 94 575 541 327 658 861 603 529 197 1016 57 86 696 875 2 466 186 17 733 34 777 46 748 941 528 63 521 763 813 430 225 267 365 127 594 383 348 557 273 1016 462 330 1102 47 566 465 984 752 482 1077 147 620 12 255 450 541 789 331 664 491 122 249 118 487 376 72 871 85 630 33 1101 452 834 453 971 760 918 844 402 760 811 1020 269 183 164 79 84 954 411 748 805 1004 998 284 851 734 356 611 179 986 4 170 328 199 623 659 319 901 392 81 550 563 1101 820 747 155 899 191 469 670 940 163 563 187 447 304 921 164 275 1101 39 751 631 838 310 614 386 629 404 139 711 954 702 61 23 809 216 283 1001 45 953 190 680 877 377 487 541 658 651 176 8 691 927 1110 889 597 613 636 587 377 135 658 692 197 719 715 1007 296 998 257 341 201 447 1021 1078 184 398 508 202 1049 684 211 1100 972 210 239 929 184 875 405 561 370 1063 613 567 672 218 934 328 576 80 669 777 998 580 104 542 338 612 745 276 657 956 737 989 526 976 807 710 100 573 632 470 996 134 1037 557 823 861 245 760 301 915 426 189 855 531 731 82 503 836 829 520 681 455 398 568 791 566 167 891 28 159 721 1024 765 648 942 948 869 76 597 530 351 1024 79 95 915 171 177 307 1007 1007 188 1049 822 586 506 503 512 33 283 1011 193 1005 925 318 1013 116 155 131 
463
113 661 1015 497 101 1110 301 272 648 1079 168 544 627 106 255 103 612 758 1086 646 402 987 199 767 161 988 669 277 503 160 300 616 181 204 2 282 675 774 554 212 103 723 756 730 189 371 193 802 490 169 808 892 516 367 548 677 244 577 954 747 97 143 724 278 819 86 561 383 221 4 595 795 87 711 885 277 1082 1079 439 932 608 136 713 484 503 621 50 107 558 364 854 655 978 938 934 686 1025 855 429 135 859 1024 930 947 1095 704 584 1067 32 1023 248 0 48 962 484 1022 943 534 18 862 258 232 406 126 60 700 812 445 444 131 580 664 515 870 971 500 463 444 927 967 356 64 327 875 386 812 786 219 706 164 441 965 396 847 1091 927 908 152 261 712 283 201 265 159 1071 125 659 895 569 946 111 285 370 438 49 757 139 835 336 206 359 777 60 116 984 511 1043 141 663 665 854 307 226 479 466 187 605 485 442 534 320 553 180 690 351 229 807 491 425 32 57 784 169 117 900 514 628 193 655 180 218 398 487 444 878 313 631 843 798 433 737 478 346 917 529 698 507 225 549 932 729 606 1076 258 723 866 772 711 419 317 251 637 75 739 1081 313 412 1073 45 100 395 143 578 102 1060 1107 800 927 693 238 748 782 844 714 1040 927 940 702 527 719 379 778 245 454 877 686 768 179 648 173 750 404 316 217 977 737 685 666 553 738 264 662 409 1108 736 809 284 1036 400 811 644 779 949 889 594 76 935 722 255 944 895 1005 708 572 582 574 198 627 129 111 725 393 133 23 861 869 833 34 794 593 205 798 733 514 1047 687 590 872 298 205 705 82 570 302 654 42 876 212 29 365 795 755 118 928 138 979 47 331 373 201 925 578 1000 1018 1092 296 594 1043 57 892 137 122 334 708 895 349 110 20 561 610 385 716 254 503 1005 864 842 412 84 104 613 369 42 973 276 24 159 230 427 687 11 564 810 817 632 1065 55 102 1086 1087 713 831 693 327 695 587 80 426 999 636 1002 972 1005 1044 835 642 428 354 232 855 401 715 780 100 421 301 526 476 404 501 452 477 692 34 804 276 1092 245 63 340 881 1065 202 
440
358 397 137 787 111 370 1002 512 1085 671 1084 395 973 499 871 737 360 683 103 1052 718 267 218 59 512 752 400 753 66 1073 889 424 359 386 571 941 756 463 342 90 23 315 485 356 174 716 453 534 289 1027 476 367 184 54 897 696 166 186 339 232 619 588 16 338 974 588 168 620 411 982 70 905 186 556 622 832 632 1075 255 281 992 91 8 65 616 906 121 142 452 931 374 1072 408 862 770 743 339 939 723 110 810 793 1015 356 238 997 77 231 962 804 983 203 255 992 739 232 147 860 374 599 41 749 1031 449 971 691 81 199 990 804 780 689 487 44 405 85 1042 954 787 893 647 660 456 262 1012 84 494 48 304 869 7 345 978 399 155 838 450 707 397 329 872 537 378 248 581 143 804 512 1097 952 765 1104 501 110 256 402 665 750 921 970 979 928 675 206 216 830 404 26 427 161 355 659 698 93 267 169 237 1071 681 694 272 336 688 773 917 944 535 472 1054 816 802 283 634 366 489 210 557 894 237 344 415 1063 1003 3 517 159 172 114 590 213 808 863 549 385 996 827 689 892 188 633 597 990 916 591 716 765 162 633 1019 870 977 324 182 869 327 699 388 970 173 979 72 982 91 622 727 1087 338 306 228 997 299 826 236 104 777 312 229 939 946 138 698 812 933 881 1042 149 940 790 8 3 658 80 345 109 62 1072 557 871 267 785 117 1037 971 353 30 638 26 731 466 972 229 525 673 51 766 1075 671 595 755 679 598 773 119 303 883 653 265 329 884 1003 3 362 930 975 75 320 973 101 1051 328 1073 169 213 1107 691 979 1071 251 464 715 290 422 849 410 726 621 423 351 950 667 243 313 1029 62 648 1105 854 510 95 154 199 58 324 412 525 1015 281 485 627 105 561 917 998 299 687 1084 920 1110 324 119 667 1039 903 1056 461 441 1050 204 951 506 359 510 564 43 923 1089 418 564 934 1045 29 384 852 387 43 428 361 323 899 45 442 926 1084 706 871 435 36 811 639 347 677 358 858 601 401 30 1050 820 1065 873 
983
454 618 966 841 661 755 91 345 543 137 147 358 581 853 118 1016 889 289 1016 126 966 263 344 456 25 845 395 205 799 629 319 613 136 175 343 157 930 906 502 362 403 650 80 984 392 198 890 642 959 155 128 814 418 472 631 914 206 386 8 365 1015 328 978 40 974 681 669 153 476 60 515 879 70 1066 113 463 153 1003 1105 472 518 122 647 296 1065 167 100 631 553 108 356 458 907 694 969 770 264 527 923 741 1059 798 980 18 753 1093 481 267 345 946 739 863 428 746 520 853 913 620 844 827 728 89 645 996 783 503 655 408 391 468 509 339 155 378 828 269 832 670 536 537 505 635 761 294 271 170 36 544 790 241 260 878 330 265 763 474 129 308 882 520 136 280 219 762 18 1047 391 210 606 287 748 472 923 398 766 554 568 162 458 718 874 79 485 94 344 609 1039 473 277 170 353 413 450 1043 535 939 980 927 39 946 103 787 307 386 545 433 300 2 1067 759 720 830 838 565 284 71 534 212 1016 811 382 729 584 192 662 480 21 531 296 531 366 870 678 34 146 112 938 446 114 894 94 194 1085 292 119 258 835 654 942 740 825 684 358 770 877 1020 139 258 911 435 149 638 194 827 32 811 939 970 147 1053 114 712 607 88 1005 86 817 89 100 648 829 926 222 547 585 459 928 724 717 88 519 866 726 713 582 118 885 881 1089 1032 823 563 1104 790 651 358 876 828 447 977 366 636 152 1059 544 97 407 361 821 484 449 229 710 536 302 181 654 76 1062 1103 468 134 555 933 284 566 651 520 284 1099 857 10 1095 1009 1069 528 1106 836 889 176 209 699 876 919 595 539 460 609 1086 882 602 915 376 517 737 20 444 277 540 88 736 287 569 721 656 527 138 12 723 388 188 932 1087 425 100 571 964 1031 540 939 802 31 103 538 1020 840 558 824 478 458 272 574 745 841 184 762 257 794 774 980 71 322 161 518 747 732 449 1071 652 989 260 814 381 363 241 290 93 159 474 1042 617 746 505 723 476 50 374 93 844 37 433 915 359 1065 322 467 686 771 427 227 649 687 401 390 1051 2 40 504 161 514 435 138 620 300 861 1096 350 595 549 83 632 982 358 352 936 40 819 982 171 606 569 821 183 970 571 594 332 612 1098 493 15 893 1103 636 82 213 1092 904 809 531 987 330 873 706 42 699 746 861 1041 918 357 500 1099 1011 830 559 494 52 60 952 1016 547 734 1008 72 176 111 524 1080 920 1055 317 610 818 1023 653 877 658 874 807 936 591 667 924 962 387 844 345 439 904 186 344 340 280 242 883 457 824 297 426 1104 712 743 603 419 15 616 656 34 380 824 970 331 380 144 183 767 988 999 95 781 546 911 482 826 513 725 172 226 1022 1070 219 1095 62 182 874 78 799 420 112 539 133 442 230 984 586 413 1 463 773 567 605 208 367 447 1034 880 61 567 466 444 526 685 428 1059 228 191 26 387 1082 609 286 575 412 516 449 998 290 450 822 1063 377 787 160 745 594 83 514 15 10 341 459 536 386 247 485 614 910 982 1001 881 952 176 817 253 53 155 611 343 1076 793 766 342 940 926 447 423 369 322 910 380 663 729 276 1049 977 121 1024 136 464 914 1017 305 451 723 1029 975 238 1000 207 674 43 333 377 343 148 184 127 988 506 1037 728 529 655 1005 468 992 486 381 17 950 655 395 615 466 478 533 330 77 894 1008 751 297 230 488 640 849 33 767 727 539 693 344 1069 238 709 897 590 85 638 608 1035 653 1003 540 9 370 433 810 447 687 708 559 984 298 407 514 37 440 641 124 340 224 939 769 933 538 555 412 1094 553 380 1018 95 272 918 575 643 712 275 450 288 983 1009 633 641 777 507 678 106 37 802 446 732 631 104 554 529 19 327 512 572 707 890 28 980 698 603 983 770 878 793 418 110 52 1051 752 829 447 790 295 956 953 742 577 944 206 492 362 697 819 234 158 415 13 657 755 71 150 1098 841 388 141 149 970 193 560 611 382 368 761 677 213 603 779 790 436 346 171 158 1043 350 392 561 126 877 108 881 948 258 229 39 6 370 659 976 1034 579 947 305 947 598 982 49 561 11 200 998 357 842 516 289 553 269 850 679 35 958 920 343 576 509 853 583 879 401 919 802 341 756 467 177 243 339 698 804 350 258 51 707 460 568 356 1013 837 95 581 232 1054 862 575 990 260 789 462 500 550 271 662 891 387 19 1069 630 829 16 794 539 274 206 606 734 134 962 637 331 1057 578 563 360 329 498 240 590 176 62 1090 87 804 641 978 80 20 
862
710 849 952 865 277 586 431 883 210 565 734 207 896 41 785 819 401 475 677 1 1065 214 64 404 301 868 405 168 949 426 465 1019 164 777 133 913 253 564 685 934 18 780 30 274 821 815 453 582 179 491 584 604 705 648 368 366 876 774 1005 714 560 359 1094 84 497 116 997 750 681 1043 1044 59 72 1074 805 893 138 618 835 789 1109 308 282 63 316 11 900 553 145 795 156 705 514 610 149 1011 727 507 10 768 910 1054 187 982 377 992 124 516 971 959 194 329 628 947 393 304 318 653 857 463 337 374 528 852 984 38 112 1071 545 123 728 344 537 916 215 915 157 339 791 17 658 985 347 175 181 100 951 500 753 697 323 1091 431 212 192 305 250 304 736 795 898 354 499 325 159 714 600 316 413 280 334 1071 625 41 607 166 141 447 26 894 504 350 234 296 1033 426 1072 172 91 697 967 989 1051 826 674 570 429 163 887 202 914 581 633 428 1093 129 1066 123 1047 1092 377 912 802 612 97 724 398 529 256 489 115 583 839 56 298 402 626 87 1037 873 289 840 814 923 629 796 412 1055 279 820 1036 657 1092 88 629 549 172 1027 1078 429 877 82 1012 605 609 200 367 596 287 293 829 1048 494 533 860 483 689 632 427 969 341 352 515 793 911 33 231 1084 420 198 873 657 752 774 622 250 334 990 206 622 643 1036 1030 497 929 139 980 507 771 296 365 473 9 880 155 920 273 387 253 54 585 15 711 226 790 694 948 484 573 43 466 576 439 385 1074 257 524 303 765 185 600 19 18 609 260 173 889 1004 560 32 418 506 47 19 92 197 713 1040 682 646 444 37 582 883 423 1016 30 947 209 155 492 169 174 510 778 905 684 556 159 604 1059 577 470 1107 1067 563 664 669 963 235 675 767 744 618 1011 56 523 1041 363 92 556 216 261 90 726 1039 996 770 956 515 735 904 1092 94 260 1049 17 925 1078 341 520 3 468 153 621 368 680 504 769 404 597 214 620 858 305 235 147 661 366 463 65 1101 727 46 555 988 455 1044 162 423 274 682 897 742 196 407 471 876 271 129 169 868 344 789 1087 649 385 123 199 751 1057 735 101 673 781 656 1021 597 589 72 380 223 115 166 326 311 1044 797 547 204 286 717 1073 630 866 409 639 611 1003 198 722 949 933 823 511 1075 840 422 561 789 965 941 373 1080 1107 699 280 1040 856 188 604 31 905 1037 22 20 335 661 1103 227 860 714 536 42 898 408 6 1098 190 567 136 44 868 509 485 864 568 125 153 313 313 118 816 578 44 838 599 380 859 591 1078 1079 665 975 11 452 272 488 910 462 416 1047 977 173 445 351 398 374 477 1022 47 790 29 863 258 74 1061 217 925 810 168 252 778 193 116 789 6 859 167 916 681 1054 852 548 116 658 259 514 1032 96 897 439 887 926 192 505 360 613 82 174 312 721 898 1091 914 1014 129 920 123 767 726 804 710 938 712 187 485 972 61 877 1068 958 677 204 774 229 69 494 842 151 29 44 872 927 495 36 190 1095 956 313 752 1042 7 822 870 719 1009 715 1051 1071 953 1009 918 519 573 1052 748 643 907 479 794 936 994 1027 752 378 1063 942 834 268 616 475 200 1094 186 1070 62 556 674 3 516 516 372 794 395 945 96 32 948 1003 983 1103 188 866 1019 940 605 331 131 328 599 107 163 799 90 820 118 153 736 793 156 141 669 999 296 425 193 863 457 31 115 800 23 303 1027 402 603 521 733 734 209 692 842 843 381 292 1023 499 445 649 652 1072 150 682 960 446 1107 514 669 924 545 784 614 568 447 530 970 1050 411 1063 674 1091 644 876 183 385 57 95 245 974 744 257 295 895 939 616 701 295 19 260 580 564 404 83 492 852 1084 822 151 855 774 825 195 778 1061 378 53 479 473 298 813 578 1026 1108 362 215 613 423 510 1103 43 1090 1027 448 533 408 660 977 119 811 721 253 997 916 1032 307 654 445 146 17 103 959 595 18 317 317 233 290 740 104 283 784 554 199 592 448 608 612 314 87 783 396 
257
669 672 733 337 216 538 483 704 641 332 659 19 649 976 253 939 1076 828 582 109 271 782 61 79 750 33 394 197 817 150 1009 846 822 631 72 1038 58 556 1102 59 248 650 79 257 986 803 556 312 520 28 421 151 170 954 231 920 987 1096 6 53 135 376 900 957 1007 332 245 426 248 236 956 496 887 1035 113 762 87 670 1074 1078 58 856 119 699 59 821 979 406 806 985 460 941 721 720 147 618 1052 392 404 190 629 720 46 405 5 160 527 92 190 962 60 719 67 650 307 597 360 175 1003 55 520 823 356 131 432 503 109 374 896 984 564 885 593 610 650 598 130 66 51 320 388 111 399 926 761 706 412 481 881 305 536 291 17 252 893 450 755 1002 184 540 875 108 314 357 78 324 316 209 391 367 1000 139 478 289 1066 599 995 367 1080 126 32 976 888 50 117 670 971 232 561 515 133 796 623 918 513 701 132 829 270 523 85 160 22 1034 920 1088 993 804 345 322 290 848 187 67 898 775 737 118 1008 658 633 30 343 145 308 857 207 440 575 477 323 21 637 346 415 446 323 298 611 28 620 901 877 168 329 24 943 1066 614 200 1085 136 701 317 753 1010 534 
