296253
2481425
406849
4027664
528896
6134964
4521008
220625828
289027
2402759
1705150
42044004
2013805
53716311
3674914
159747464
914379
14939708
6621
11571
4020371
180641335
2368250
71950388
3438069
139067793
966945
16219646
411547
4488804
3776676
168337415
978973
16337930
2354276
73508682
3375569
135868198
4160993
188060445
1568072
35702741
1248163
24779465
611857
7472107
4561080
218816925
3230550
123888238
4830955
250624482
3962272
174001120
354421
3160853
3669367
159168555
1669560
40183334
1149338
21166345
651905
8362600
1115526
20183518
2442842
78016447
114179
567887
1902254
52295711
2892568
102686780
313542
2766840
3931515
172993836
3013957
106586830
1763004
45488776
1651376
40440610
2793016
96261522
3346913
135903046
2906300
103245443
566725
6537647
2994373
114202462
2263148
67052591
3632828
146708252
4888636
249528719
964773
15704090
1117952
19351501
168432
1025263
4850852
251179969
4434061
214040541
3153270
119524447
766117
10949420
1670508
39790497
396267
3925065
964609
15817978
803588
11988333
403499
3582031
2709458
91823051
15094
31108
1622450
38665301
2216482
64471939
1984722
55257387
4543279
227432340
743741
11013871
1955062
54126952
164656
941454
43541
137068
1395184
30279884
3575639
148635537
360452
3119927
3438875
137798534
629726
8078506
4905751
250987593
2663941
90272386
4805907
244317089
1350021
28273979
2008376
57236541
3097615
113941765
384773
3389694
2403353
75842068
2361234
70928553
1916128
50361734
2557973
84183377
4069764
188798045
2899708
104413351
4220151
201622251
4596559
236363497
4059741
192678554
2267120
68800567
110425
525535
1441101
31648689
3615167
147709162
757945
10689749
1839689
48267976
4211099
195074465
698871
10165344
843316
13258148
4501281
220819545
